Read the contents of the File
FaultyCiphertext
CiperText:  [220, 225, 193, 136, 21, 87, 165, 214, 43, 165, 178, 138, 190, 103, 253, 165] 

Faulty CiperText:  [220, 228, 193, 136, 21, 87, 165, 214, 43, 165, 178, 138, 190, 103, 253, 165] 

dce4c1881557a5d62ba5b28abe67fda5
CiperText:  [34, 116, 227, 102, 18, 125, 207, 41, 240, 40, 168, 181, 39, 125, 215, 33] 

Faulty CiperText:  [34, 116, 227, 10, 18, 125, 207, 41, 240, 40, 168, 181, 39, 125, 215, 33] 

2274e30a127dcf29f028a8b5277dd721
CiperText:  [9, 42, 249, 243, 144, 82, 126, 103, 129, 100, 3, 55, 78, 125, 245, 253] 

Faulty CiperText:  [9, 42, 249, 145, 144, 82, 126, 103, 129, 100, 3, 55, 78, 125, 245, 253] 

092af99190527e67816403374e7df5fd
CiperText:  [13, 174, 113, 177, 42, 16, 121, 37, 41, 54, 41, 205, 95, 90, 134, 239] 

Faulty CiperText:  [13, 174, 195, 177, 42, 16, 121, 37, 41, 54, 41, 205, 95, 90, 134, 239] 

0daec3b12a107925293629cd5f5a86ef
10th round Analysis
Iteration:  0 -
Position:  1
104  
109  
138  
143  
146  
151  


Iteration:  1 -
Position:  3
31  
39  
54  
75  
90  
115  
137  
149  
229  
249  


Iteration:  2 -
Position:  3
12  
13  
17  
30  
110  
111  
115  
124  
161  
184  
195  
218  


Iteration:  3 -
Position:  2
3  
37  
81  
83  
104  
151  
177  
218  
225  
227  


Fault Injection in the 10th round

